173 sites
11100000000000000010000000000000000011111100000000000000000000000000000000000001000000000000000000000000000000000000000000000000000000000000000000000000000000000000000000000
11110000000000001110000000000000000011110000000000000000000000000000000000000000000000000000000000000000000000000000000000000000000000000000000000000000000000000000000000000
11111000000000001110000000000000001111010100000000000000100000000000000000000100000000000000000000000000000000000000000000000000000000000000000000000000000000000000000000000
01111100000000111100000000000000001111000000000000000000000000000000000000000000000000000000000000000000000000000000000000000000000000000000000000000000000000000000000000000
00111110000000111100000010011001011000000000000000000000000000000000000000100000000000000000000000000000000000000000000000000000000000000000000000000000000000000000000000000
00011111101111100000000000000001111100000000000000000000000000000000000000000000000000000000000000000000000000000000000000000000000000000000000000000000000000000000000000000
00001111000111100000000000001111100000000000000000000000000000000000000000000000000000000000000000000000000000000000000000000000000000000000000000000000000000000000000000000
00000111110110000000000000000000110000000000000000000000000000000000000000000000000000000000000000000000000000000000000000000000000000000000000000000000000000000000000000000
00000101110100000000000000000000110000000000000000000000000000111000000000000000000000000000000000000000000000000000000000000000000000000000000000000000000000000000000000000
00000001111100000000000000000000010000000000000000000000000000100000000000000000000000000000000000000000000000000000000000000000000000000000000000000000000000000000000000000
00000100011100100000000000000000010100000000000000000000000010100000000000000000000000000000000000000000000000000000000000000000000000000000000000000000000000000000000000000
00000111111110000000000000000000010000000000000000000000000000000000000000000000000000000000000000000000000000000000000000000000000000000000000000000000000000000000000000000
00000111000111100000000000000000100000000000000000000000000000000000000000000000000000000000000000000000000000000000000000000000000000000000000000000000000000000000000000000
00000110000011110000000000001000000000000000000000000000000000000000000000000000000000000000000000000000000000000000000000000000000000000000000000000000000000000000000000000
00011110001011111000000000001000000000000000000000000000000000000000000000000000000000000000000000000000000000000000000000000000000000000000000000000000000000000000000000000
00011000000001111100000010011000000000000000000000000000000000000000000000000000000000000000000000000000000000000000000000000000000000000000000000000000000000000000000000000
01111000000000111110000000000000000000000000000000000000000000000000000000000000000000000000000000000000000000000000000000000000000000000000000000000000000000000000000000000
01111000000000011111010010000000000000000000000000000000000000000000000000000100000000000000000000000000000000000000000000000000000000000000000000000000000000000000000000000
11100000000000001111000000000000000000000000000000000000000000000000000000000001000000000000000000000000000000000000000000000000000000000000000000000000000000000000000000000
00000000000000000111110000000000000000000000000000000000000000000000000000000001000000000000000000000000000000000000000000000000000000000000000000000000000000000000000000000
00000000000000000001111000000000000000000000000000000000000000000000000000000111000000000000000000000000000000000000000000000000000000000000000000000000000000000000000000000
00000000000000000101111110000000000000000000000000000000000000000000000000001100000000000000000000000000000000000000000000000000000000000000000000000000000000000000000000000
00000000000000000000111100000000000000000000000111000000000000000000000000001000000000000000000000000000000000000000000000000000000000000000000000000000000000000000000000000
00000000000000000000011111100000000000000000000110000000000000000000000000011000000000000000000000000000000000000000000000000000000000000000000000000000000000000000000000000
00001000000000010100010111111000000000000000000000000000000000000000000000111100000000000000000000000000000000000000000000000000000000000000000000000000000000000000000000000
00000000000000000000000111111100000000000000000100000000000000000000000000010000000000000000000000000000000000000000000000000000000000000000000000000000000000000000000000000
00000000000000000000000111110000000000000000000000000000000000000000000000000000000000000000000000000000000000000000000000000000000000000000000000000000000000000000000000000
00001000000000010000000011111000000000000000000000000000000000000000000000000000000000000000000000000000000000000000000000000000000000000000000000000000000000000000000000000
00001010000001110000000011011111000000000000000000000000000000000000000000100000000000000000000000000000000000000000000000000000000000000000000000000000000000000000000000000
00000010000000000000000001001110000000000000000000000000000000000000000000000000000000000000000000000000000000000000000000000000000000000000000000000000000000000000000000000
00000010000000000000000000001111100000000000000000000000000000000000000011000000000000000000000000000000000000000000000000000000000000000000000000000000000000000000000000000
00001110000000000000000000001011111000000000000000000000000000001000000011100000000000000000000000000000000000000000000000000000000000000000000000000000000000000000000000000
00000111100010000000000000000011110000000000000000000000000000011000000010000000000000000000000000000000000000000000000000000000000000000000000000000000000000000000000000000
00001101111100000000000000000001111100000000000000000000000001111000000000000000000000000000000000000000000000000000000000000000000000000000000000000000000000000000000000000
00111100000000000000000000000001011110000000000000000000100001001011000000000000000000000000000000000000000000000000000000000000000000000000000000000000000000000000000000000
00110100001000000000000000000000011111000000000000000000000011000000000000000000000000000000000000000000000000000000000000000000000000000000000000000000000000000000000000000
11110000000000000000000000000000001111110100000000000000111111000000000000000000000000000000000000000000000000000000000000000000000000000000000000000000000000000000000000000
11110000000000000000000000000000000111100000000000000000001000000000000000000000000000000000000000000000000000000000000000000000000000000000000000000000000000000000000000000
11000000000000000000000000000000000011110000000000000000001000000000000000000000000000000000000000000000000000000000000000000000000000000000000000000000000000000000000000000
11100000000000000000000000000000000010111100000000000000010000000000000000000001100000000000000000000000000000000000000000000000000000000000000000000000000000000000000000100
10000000000000000000000000000000000000011110000000000001110000000000000000000001100000000000000000000000000000000000000000000000000000000000000000000000000000000000000011100
10100000000000000000000000000000000010011111000000000001110000000000000000000111100000000000000000000000000000000000000000000000000000000000000000000000000000000000000000000
00000000000000000000000000000000000000001111100001000111100000000000000000000110100000000000000000000000000000000000000000000000000000000000000100000000000000000000000000000
00000000000000000000000000000000000000000111100000000110100000000001000000101100000000000000000000000000000000000000000000000000000000000000000000000000000000000000000000000
00000000000000000000000000000000000000000011111101111110000000000000000000111110000000000000000000000000000000000000000000000000000000000000000000000000000000000000000000000
00000000000000000000000000000000000000000000111000111000000000000000001101110000000000000000000000000000000000000000000000000000000000000000000000000000000000000000000000000
00000000000000000000000000000000000000000000111111110000000000000000000000011000000000000000000000000000000000000000000000000000000000000000000000000000000000000000000000000
00000000000000000000001101000000000000000000101110100000000000000000000000011000000000000000000000000000000000000000000000000000000000000000000000000000000000000000000000000
00000000000000000000001100000000000000000000001111100000000000000000000000001000000000000000000000000000000000000000000000000000000000000000000000000000000000000000000000000
00000000000000000000001000000000000000000010101011100000000000000000000000001010000000000000000000000000000000000000000000000000000000000000000000000000000000000000000000000
00000000000000000000000000000000000000000000111111110000000000000000000000001000000000000000000000000000000000000000000000000000000000000000000000000000000000000000000000000
00000000000000000000000000000000000000000000111000111100000000000000000000010000000000000000000000000000000000000000000000000000000000000000000000000000000000000000000000000
00000000000000000000000000000000000000000000110000011110000000000000001000000000000000000000000000000000000000000000000000000000000000000000110000000000000000000000000000000
00000000000000000000000000000000000000000011100000011111000000000000000000000000000000000000000000000000000000000000000000000000000000000000011100000000000010000000000000000
00000000000000000000000000000000000000000011100000001111100000000001110000100000000000000000000000000000000000000000000000000000000000000000010000000000000000000000000000000
00000000000000000000000000000000000000001110000000000111110000000001000000000000000000000000000000000000000000000000000000000000001000000000010100000000000000000000000010000
00100000000000000000000000000000001010001111000000000011110101000001000000000000000000000000000000000000000000000000000000000000000000000000000000000000000000000000000000000
00000000000000000000000000000000000010011100000000000001111100000000000000000000000000000000000000000000000000000000000000000000000000000000000000000000000000000000000000111
00000000000000000000000000000000000011100000000000000000011100000000000000000000000000000000000000000000000000000000000000000000000000000000000000000000000000000000000000101
00000000000000000000000000000000000010000000000000000000111111000000000000000000000000000000000000000000000000000000000000000000000000000000000000000000000000000000000000001
00000000001000000000000000000000000110000000000000000000000111100000000000000000000000000000000000000000000000000000000000000000000000000000000000000000000000000000000000000
00000000000000000000000000000000011110000000000000000000100111111011000000000000000000000000000000000000000000000000000000000000000000000000000000000000000000000000000000000
00000000111000000000000000000000010000000000000000000000000011110010000000000000000000000000000000000000000000000000000000000000000000000000000000000000000000000000000000000
00000000100000000000000000000000110000000000000000000000000001111110000000000000000000000000000000000000000000000000000000000000000000000000000000000000000000000000000000000
00000000100000000000000000000001111000000000000000000000000001011111010110000000000000000000000000000000000000000000000000000000000000000000000000000000000000000000000000000
00000000000000000000000000000000000000000000000000000000000000011111110000000000000000000000000000000000000000000000000000000000000000000000000000000000000000000000000000000
00000000000000000000000000000000001000000000000000000000000001111111100000000000000000000000000000000000000000000000000000000000000000000000000000000000000000000000000000000
00000000000000000000000000000000001000000001000000000011100001001111110000000000000000000000000000000000000000000000000000000000000000000000000000000000000000000000000000000
00000000000000000000000000000000000000000000000000000010000000000111111000000000000000000000000000000000000000000000000000000000000000000010010000000000000000000000000000000
00000000000000000000000000000000000000000000000000000010000000001101111110000000000000000000000000000000000000000000000000000000000000000000000000000000000000000000000000000
00000000000000000000000000000000000000000000010000001000000000000000111100000000000000000000000000000000000000000000000000000000000000000000000000000000000000000000000000000
00000000000000000000000000000000000000000000010000000000000000001000011111000000000000000000000000000000000000000000000000000000000000000000000000000000000000000000000000000
00000000000000000000000000000011100000000000000000000000000000001000010111100000000000000000000000000000000000000000000000000000000000000000000000000000000000000000000000000
00000000000000000000000000000011000000000000010000000000000000000000000111110000000000000000000000000000000000000000000000000000000000000000000000000000000000000000000000000
00001000000000000000000010001001000000000001110000000010000000000000000011111100000000000000000000000000000000000000000000000000000000000000000000000000000000000000000000000
00000000000000000000000111000000000000000000111100010000000000000000000001111000000000000000000000000000000000000000000000000000000000000000000000000000000000000000000000000
00000000000000000000011110000000000000000001101111100000000000000000000000111110000000000000000000000000000000000000000000000000000000000000000000000000000000000000000000000
00100000000000000100110010000000000000000111100000000000000000000000000000101111000000000000000000000000000000000000000000000000000000000000000000000000000000000000000000000
00000000000000000000100000000000000000000110100001000000000000000000000000001111100000000000000000000000000000000000000000000000000000000000000100000000000000000000000000000
10000000000000000011100000000000000000011100000000000000000000000000000000000111110000000000000000000000000000000000000000000000000000000000000000000000000000000000000000000
00000000000000000000000000000000000000011110000000000000000000000000000000000011110100000000000000000000000000000000000000000000100000000000000100000000000000000000000010000
00000000000000000000000000000000000000000000000000000000000000000000000000000001111100000000000000000000000000000000000000000000100000000000000000000000000000000000000000000
00000000000000000000000000000000000000000000000000000000000000000000000000000000011110000000000000000000000000000000000000000000000000000000000000000000000000000000000000000
00000000000000000000000000000000000000000000000000000000000000000000000000000000111111100000000000000000000000000000000000000011100000000000000000000000000000000000000111000
00000000000000000000000000000000000000000000000000000000000000000000000000000000001111000000000000000000000000000000000000000011000000000000000000000000000000000000000000000
00000000000000000000000000000000000000000000000000000000000000000000000000000000000111110000000000000000100000000000000000000011000000000000000000000000000000000000000000000
00000000000000000000000000000000000000000000000000000000000000000000000000000000000101111000000000000000110000000000000000000011110000000000000000000000000000000000000101000
00000000000000000000000000000000000000000000000000000000000000000000000000000000000001111100000000000011100000000000000000001111000000000000000000000000000000000000000000000
00000000000000000000000000000000000000000000000000000000000000000000000000000000000000111110000000000011100000000000000000111101010000000000000010000000000000000000010000000
00000000000000000000000000000000000000000000000000000000000000000000000000000000000000011111000010001111000000000000000000110100000000000000000000000000000000000000000000000
00000000000000000000000000000000000000000000000000000000000000000000000000000000000000001111000000001111000000100010000100100000000000000000000000000000000000000000010000000
00000000000000000000000000000000000000000000000000000000000000000000000000000000000000000111111011111000000000000000000111110000000000000000000000000000000000000000000000000
00000000000000000000000000000000000000000000000000000000000000000000000000000000000000000001110001111000000000000000101110000000000000000000000000000000000000000000000000000
00000000000000000000000000000000000000000000000000000000000000000000000000000000000000000001111111100000000000000000001011000000000000000000000000000000000000000000000000000
00000000000000000000000000000000000000000000000000000000000000000000000000000000000000000001011101000000000000000000000011000000000000000000000000000011000000000000000000000
00000000000000000000000000000000000000000000000000000000000000000000000000000000000000000000011111000000000000000000000001000000000000000000000000000011000000000000000000000
00000000000000000000000000000000000000000000000000000000000000000000000000000000000000000101010111001000000000000000000001010000000000000000000000000010000000000000000000000
00000000000000000000000000000000000000000000000000000000000000000000000000000000000000000001111111100000000000000000000001000000000000000000000000000000000000000000000000000
00000000000000000000000000000000000000000000000000000000000000000000000000000000000000000001110001111000000000000000101010000000000000000000000000000000000000000000000000000
00000000000000000000000000000000000000000000000000000000000000000000000000000000000000000001100000111100000000000001100000000000000000000000000000000000000000000000000000000
00000000000000000000000000000000000000000000000000000000000000000000000000000000000000000111100010111110000000000000000000000000000000000000000000000000000000000000000000000
00000000000000000000000000000000000000000000000000000000000000000000000000000000000000000110000000011111000000000011000000000000000000000000000000000000000000000000000000000
00000000000000000000000000000000000000000000000000000000000000000000000000000000000000011110000000001111100000000000000000000100000000000000000000000000000000000000000000000
00000000000000000000000000000000000000000000000000000000000000000000000000000000000000011110000000000111110100000000000000000000000000000000000000000000000000000000010000000
00000000000000000000000000000000000000000000000000000000000000000000000000000000000001111000000000000011110000000000000000000000000000000000000000000000000000000000000000000
00000000000000000000000000000000000000000000000000000000000000000000000000000000000000100000000000000001111100000000000000000000000000000000000000000000000000000000000100000
00000000000000000000000000000000000000000000000000000000000000000000000000000000000000000000000000000000011110000000000000000000000000000000000000000000000000000000111100000
00000000000000000000000000000000000000000000000000000000000000000000000000000000000000000000000000000001011111100100000000000000000000000000000000000000000000000000111000000
00000000000000000000000000000000000000000000000000000000000000000000000000000000000000000000000000000000001111000000000000000000000000011100000000000000000000000000100000000
00000000000000000000000000000000000000000000000000000000000000000000000000000000000000000000000000000000000111111100000000000000000000011000000000000000000000000001100000000
00000000000000000000000000000000000000000000000000000000000000000000000000000000000000000010000000000000000101111110000100000000000000010000000000000000000000000011110000000
00000000000000000000000000000000000000000000000000000000000000000000000000000000000000000000000000000000000001111100011100000000000000010000000000000000000000000001000000000
00000000000000000000000000000000000000000000000000000000000000000000000000000000000000000000000000000000000001111100010000000000000000000000000000000000000000000000000000000
00000000000000000000000000000000000000000000000000000000000000000000000000000000000000000000000000000000000101111110000000000000000000000000000000000000000000000000000000000
00000000000000000000000000000000000000000000000000000000000000000000000000000000000000000010000000000100000000100111110000000000000000000000000000000000000000000000000000000
00000000000000000000000000000000000000000000000000000000000000000000000000000000000000000000000000010100000000000011100000000000000000000000000000000000000000000000000000000
00000000000000000000000000000000000000000000000000000000000000000000000000000000000000000000100000110000000000000011111000000000000000000000000000000000000000000000000000000
00000000000000000000000000000000000000000000000000000000000000000000000000000000000000000000000000000000000000011010111100000000000000000000000000000000000000000000000000000
00000000000000000000000000000000000000000000000000000000000000000000000000000000000000000000110000100000000000010000111110000000000000000000000000000000000000000000000000000
00000000000000000000000000000000000000000000000000000000000000000000000000000000000000000011100000000000000000110000011111000000000000000000000000000000000000000010000000000
00000000000000000000000000000000000000000000000000000000000000000000000000000000000000000001111000100000000000000000001111000000000000000000000000000001100000001000000000000
00000000000000000000000000000000000000000000000000000000000000000000000000000000000000000001011111000000000000000000000111110000000000000000000000000111000000000000000000000
00000000000000000000000000000000000000000000000000000000000000000000000000000000000000001111000000000000000000000000000001111000000100000000000010000100000100000000000000000
00000000000000000000000000000000000000000000000000000000000000000000000000000000000000001101000010000000000000000000000001111100000000000000000000001100000000000000000000000
00000000000000000000000000000000000000000000000000000000000000000000000000000000000000011000000000000000000000000000000000111111110000000000000011110100000000000000000000000
00000000000000000000000000000000000000000000000000000000000000000000000000000000000000011100000000000010000000000000000000011110000000000000000000100000000000000000000000000
00000000000000000000000000000000000000000000000000000000000000000000000000000000000111110000000000000000000000000000000000001111000000000000000000100000000000000000000000000
00000000000000000000000000000000000000000000000000000000000000000000000000000000000111111000000000000000000000000000000000001011110000000000000000100000000000000000000110000
00000000000000000000000000000000000000000000000000000000000000000000000000000000110100100000000000000000000000000000000000001001111000000000000111100000000000000000000110000
00000000000000000000000000000000000000000000000000000000000000000000000000000000000000101000000000000000000000000000000000001001111100000000000111000000000000000000011110000
00000000000000000000000000000000000000000000000000000001000000000000000000000000000000000000000000000000000000000000000000000000111110000100011110000000000000000000011110000
00000000000000000000000000000000000000000000000000000000000000000000000000000000000000000000000000000000000000000000000000100000011111000000011110000000000100000010110000000
00000000000000000000000000000000000000000000000000000000000000000000000000000000000000000000000000000000000000000000000000000000001111110111111000000000000000000011111000000
00000000000000000000000000000000000000000000000000000000000000000000000000000000000000000000000000000000000000000000000000000000000111100011100000000000000001010111000000000
00000000000000000000000000000000000000000000000000000000000000000000000000000000000000000000000000000000000000000000000000000000000011111111100000000000000000000101100000000
00000000000000000000000000000000000000000000000000000000000000000000000000000000000000000000000000000000000011110000000000000000000010111110000000000000000000000001100000000
00000000000000000000000000000000000000000000000000000000000000000000000000000000000000000000000000000000000011000000000000000000000000111110000000000000000000000001100000000
00000000000000000000000000000000000000000000000000000000000000000000000000000000000000000000000000000000000010000000000000000000001010111110000000000000000000000000101000000
00000000000000000000000000000000000000000000000000000000000000000000100000000000000000000000000000000000000000000000000000000000000011111111000000000000000000000001100000000
00000000000000000000000000000000000000000000000000000000000000000000000000000000000000000000000000000000000000000000000000000000000011100011110000000000000000000101000000000
00000000000000000000000000000000000000000000000000001000000000000000000000000000000000000000000000000000000000000000000000000000000011100001111000000000000001000100000000000
00000000000000000000000000000000000000000000000000001111000000000000100000000000000000000000000000000000000000000000000000000000001110000001111100000000000000000000000000000
00000000000000000000000000000000000000000000000000000100000000000000000000000000000000000000000000000000000000000000000000000000001110000000111110000000000111000000000000000
00000000000000000000000000000000000000000010000000000101000000000000000000000010100000000000000000000000000000000000000000000000111100000000011111000000000100000000000010000
00000000000000000000000000000000000000000000000000000000000000000000000000000000000000001000000000000000000000000000000000101000111100000000001111010100000100000000000000000
00000000000000000000000000000000000000000000000000000000000000000000000000000000000000000000000000000000000000000000000000001000110000000000000111110000000000000000000000000
00000000000000000000000000000000000000000000000000000000000000000000000000000000000000000000000000000000000000000000000000001111100000000000000001110000000000000000000000000
00000000000000000000000000000000000000000000000000000000000000000000000000000000000000000000000000000000000000000000000000001000000000000000000011111100000000000000000000000
00000000000000000000000000000000000000000000000000000000000000000000000000000000000000000000000000000000000000000000000000010000000000000000000000011110001000000000000000000
00000000000000000000000000000000000000000000000000000000000000000000000000000000000000000000000000000000000000000000000001111000000000000000000010011111001100000000000000000
00000000000000000000000000000000000000000000000000000000000000000000000000000000000000000000001110000000000000000000000001000000000000000000000000001111001000000000000000000
00000000000000000000000000000000000000000000000000000000000000000000000000000000000000000000001100000000000000000000000011000000000000000000000000000111111000000000000000000
00000000000000000000000000000000000000000000000000000000000000000000000000000000000000000000000000000000000000000000000010000000000000000000000000000001111101011000000000000
00000000000000000000000000000000000000000000000000000000000000000000000000000000000000000000000000000000000000000000000000000000000000000000000000000001111111000000000000000
00000000000000000000000000000000000000000000000000000000000000000000000000000000000000000000000000000000000000000000000000000000000000000000000000001111111110000000000000000
00000000000000000000000000000000000000000000000000000000000000000000000000000000000000000000000000000000000000000000000000100000000100000000001110000100111111000000000000000
00000000000000000000000000000000000000000000000000000100000000000000000000000000000000000000000000000000000000000000000000000000000000000000001000000000011111000000000000000
00000000000000000000000000000000000000000000000000000000000000000000000000000000000000000000000000000000000000000000000000000000000001000000101000000000110111111100000000000
00000000000000000000000000000000000000000000000000000000000000000000000000000000000000000000000000000000000000000000000000000000000000000000000000000000000001110000000000000
00000000000000000000000000000000000000000000000000000000000000000000000000000000000000000000000000000000000000000000000000000000000001000000000000000000100001111100000000000
00000000000000000000000000000000000000000000000000000000000000000000000000000000000000000000000000000000000000000000000010000000000000000000000000000000100001011110000000000
00000000000000000000000000000000000000000000000000000000000000000000000000000000000000000000000000000000000000000000000000000000000001100001100000000000000001011111000000000
00000000000000000000000000000000000000000000000000000000000000000000000000000000000000000000000000000000000000100000000100000000000111000000000000000000000000001111110000000
00000000000000000000000000000000000000000000000000000000000000000000000000000000000000000000000000000000000001110000000000000000000011111011000000000000000000000111100000000
00000000000000000000000000000000000000000000000000000000000000000000000000000000000000000000000000000000001111100000000000000000000110111110000000000000000000000011111000000
00000000000000000000000000000000000000000000000000000000000000000000000000000000000000001010000000000001001100100000000000000000011110000000000000000000000000000010111100000
00000000000000000000000000000000000000000000000000000000000000000000000000000000000000000000000000000000001100000000000000000000011010000100000000000000000000000000111110000
00000000000000000000000000000000000000000000000000000000000000000000000000000000000100100000000000000000011000000000000000000001111000000000000000000000000000000000011111000
00000000000000000000000000000000000000001000000000000001000000000000000000000000100100000000000000000000000000000000000000000001111000000000000100000000000000000000001111000
00000000000000000000000000000000000000001000000000000000000000000000000000000000000100100000000000000000000000000000000000000000000000000000000000000000000000000000000111110
00000000000000000000000000000000000000011000000000000000011000000000000000000000000000000000000000000000000000000000000000000000000000000000000000000000000000000000000001111
00000000000000000000000000000000000000000000000000000000010000000000000000000000000000000000000000000000000000000000000000000000000000000000000000000000000000000000000001111
00000000000000000000000000000000000000000000000000000000011100000000000000000000000000000000000000000000000000000000000000000000000000000000000000000000000000000000000000111