	A	R	N	D	C	Q	E	G	H	I	L	K	M	F	P	S	T	W	Y	V
A	-1.0	0.05263157894736842	0.05263157894736842	0.05263157894736842	0.05263157894736842	0.05263157894736842	0.05263157894736842	0.05263157894736842	0.05263157894736842	0.05263157894736842	0.05263157894736842	0.05263157894736842	0.05263157894736842	0.05263157894736842	0.05263157894736842	0.05263157894736842	0.05263157894736842	0.05263157894736842	0.05263157894736842	0.05263157894736842
R	0.05263157894736842	-1.0	0.05263157894736842	0.05263157894736842	0.05263157894736842	0.05263157894736842	0.05263157894736842	0.05263157894736842	0.05263157894736842	0.05263157894736842	0.05263157894736842	0.05263157894736842	0.05263157894736842	0.05263157894736842	0.05263157894736842	0.05263157894736842	0.05263157894736842	0.05263157894736842	0.05263157894736842	0.05263157894736842
N	0.05263157894736842	0.05263157894736842	-1.0	0.05263157894736842	0.05263157894736842	0.05263157894736842	0.05263157894736842	0.05263157894736842	0.05263157894736842	0.05263157894736842	0.05263157894736842	0.05263157894736842	0.05263157894736842	0.05263157894736842	0.05263157894736842	0.05263157894736842	0.05263157894736842	0.05263157894736842	0.05263157894736842	0.05263157894736842
D	0.05263157894736842	0.05263157894736842	0.05263157894736842	-1.0	0.05263157894736842	0.05263157894736842	0.05263157894736842	0.05263157894736842	0.05263157894736842	0.05263157894736842	0.05263157894736842	0.05263157894736842	0.05263157894736842	0.05263157894736842	0.05263157894736842	0.05263157894736842	0.05263157894736842	0.05263157894736842	0.05263157894736842	0.05263157894736842
C	0.05263157894736842	0.05263157894736842	0.05263157894736842	0.05263157894736842	-1.0	0.05263157894736842	0.05263157894736842	0.05263157894736842	0.05263157894736842	0.05263157894736842	0.05263157894736842	0.05263157894736842	0.05263157894736842	0.05263157894736842	0.05263157894736842	0.05263157894736842	0.05263157894736842	0.05263157894736842	0.05263157894736842	0.05263157894736842
Q	0.05263157894736842	0.05263157894736842	0.05263157894736842	0.05263157894736842	0.05263157894736842	-1.0	0.05263157894736842	0.05263157894736842	0.05263157894736842	0.05263157894736842	0.05263157894736842	0.05263157894736842	0.05263157894736842	0.05263157894736842	0.05263157894736842	0.05263157894736842	0.05263157894736842	0.05263157894736842	0.05263157894736842	0.05263157894736842
E	0.05263157894736842	0.05263157894736842	0.05263157894736842	0.05263157894736842	0.05263157894736842	0.05263157894736842	-1.0	0.05263157894736842	0.05263157894736842	0.05263157894736842	0.05263157894736842	0.05263157894736842	0.05263157894736842	0.05263157894736842	0.05263157894736842	0.05263157894736842	0.05263157894736842	0.05263157894736842	0.05263157894736842	0.05263157894736842
G	0.05263157894736842	0.05263157894736842	0.05263157894736842	0.05263157894736842	0.05263157894736842	0.05263157894736842	0.05263157894736842	-1.0	0.05263157894736842	0.05263157894736842	0.05263157894736842	0.05263157894736842	0.05263157894736842	0.05263157894736842	0.05263157894736842	0.05263157894736842	0.05263157894736842	0.05263157894736842	0.05263157894736842	0.05263157894736842
H	0.05263157894736842	0.05263157894736842	0.05263157894736842	0.05263157894736842	0.05263157894736842	0.05263157894736842	0.05263157894736842	0.05263157894736842	-1.0	0.05263157894736842	0.05263157894736842	0.05263157894736842	0.05263157894736842	0.05263157894736842	0.05263157894736842	0.05263157894736842	0.05263157894736842	0.05263157894736842	0.05263157894736842	0.05263157894736842
I	0.05263157894736842	0.05263157894736842	0.05263157894736842	0.05263157894736842	0.05263157894736842	0.05263157894736842	0.05263157894736842	0.05263157894736842	0.05263157894736842	-1.0	0.05263157894736842	0.05263157894736842	0.05263157894736842	0.05263157894736842	0.05263157894736842	0.05263157894736842	0.05263157894736842	0.05263157894736842	0.05263157894736842	0.05263157894736842
L	0.05263157894736842	0.05263157894736842	0.05263157894736842	0.05263157894736842	0.05263157894736842	0.05263157894736842	0.05263157894736842	0.05263157894736842	0.05263157894736842	0.05263157894736842	-1.0	0.05263157894736842	0.05263157894736842	0.05263157894736842	0.05263157894736842	0.05263157894736842	0.05263157894736842	0.05263157894736842	0.05263157894736842	0.05263157894736842
K	0.05263157894736842	0.05263157894736842	0.05263157894736842	0.05263157894736842	0.05263157894736842	0.05263157894736842	0.05263157894736842	0.05263157894736842	0.05263157894736842	0.05263157894736842	0.05263157894736842	-1.0	0.05263157894736842	0.05263157894736842	0.05263157894736842	0.05263157894736842	0.05263157894736842	0.05263157894736842	0.05263157894736842	0.05263157894736842
M	0.05263157894736842	0.05263157894736842	0.05263157894736842	0.05263157894736842	0.05263157894736842	0.05263157894736842	0.05263157894736842	0.05263157894736842	0.05263157894736842	0.05263157894736842	0.05263157894736842	0.05263157894736842	-1.0	0.05263157894736842	0.05263157894736842	0.05263157894736842	0.05263157894736842	0.05263157894736842	0.05263157894736842	0.05263157894736842
F	0.05263157894736842	0.05263157894736842	0.05263157894736842	0.05263157894736842	0.05263157894736842	0.05263157894736842	0.05263157894736842	0.05263157894736842	0.05263157894736842	0.05263157894736842	0.05263157894736842	0.05263157894736842	0.05263157894736842	-1.0	0.05263157894736842	0.05263157894736842	0.05263157894736842	0.05263157894736842	0.05263157894736842	0.05263157894736842
P	0.05263157894736842	0.05263157894736842	0.05263157894736842	0.05263157894736842	0.05263157894736842	0.05263157894736842	0.05263157894736842	0.05263157894736842	0.05263157894736842	0.05263157894736842	0.05263157894736842	0.05263157894736842	0.05263157894736842	0.05263157894736842	-1.0	0.05263157894736842	0.05263157894736842	0.05263157894736842	0.05263157894736842	0.05263157894736842
S	0.05263157894736842	0.05263157894736842	0.05263157894736842	0.05263157894736842	0.05263157894736842	0.05263157894736842	0.05263157894736842	0.05263157894736842	0.05263157894736842	0.05263157894736842	0.05263157894736842	0.05263157894736842	0.05263157894736842	0.05263157894736842	0.05263157894736842	-1.0	0.05263157894736842	0.05263157894736842	0.05263157894736842	0.05263157894736842
T	0.05263157894736842	0.05263157894736842	0.05263157894736842	0.05263157894736842	0.05263157894736842	0.05263157894736842	0.05263157894736842	0.05263157894736842	0.05263157894736842	0.05263157894736842	0.05263157894736842	0.05263157894736842	0.05263157894736842	0.05263157894736842	0.05263157894736842	0.05263157894736842	-1.0	0.05263157894736842	0.05263157894736842	0.05263157894736842
W	0.05263157894736842	0.05263157894736842	0.05263157894736842	0.05263157894736842	0.05263157894736842	0.05263157894736842	0.05263157894736842	0.05263157894736842	0.05263157894736842	0.05263157894736842	0.05263157894736842	0.05263157894736842	0.05263157894736842	0.05263157894736842	0.05263157894736842	0.05263157894736842	0.05263157894736842	-1.0	0.05263157894736842	0.05263157894736842
Y	0.05263157894736842	0.05263157894736842	0.05263157894736842	0.05263157894736842	0.05263157894736842	0.05263157894736842	0.05263157894736842	0.05263157894736842	0.05263157894736842	0.05263157894736842	0.05263157894736842	0.05263157894736842	0.05263157894736842	0.05263157894736842	0.05263157894736842	0.05263157894736842	0.05263157894736842	0.05263157894736842	-1.0	0.05263157894736842
V	0.05263157894736842	0.05263157894736842	0.05263157894736842	0.05263157894736842	0.05263157894736842	0.05263157894736842	0.05263157894736842	0.05263157894736842	0.05263157894736842	0.05263157894736842	0.05263157894736842	0.05263157894736842	0.05263157894736842	0.05263157894736842	0.05263157894736842	0.05263157894736842	0.05263157894736842	0.05263157894736842	0.05263157894736842	-1.0
