	A	R	N	D	C	Q	E	G	H	I	L	K	M	F	P	S	T	W	Y	V
A	-0.5	0.02631578947368421	0.02631578947368421	0.02631578947368421	0.02631578947368421	0.02631578947368421	0.02631578947368421	0.02631578947368421	0.02631578947368421	0.02631578947368421	0.02631578947368421	0.02631578947368421	0.02631578947368421	0.02631578947368421	0.02631578947368421	0.02631578947368421	0.02631578947368421	0.02631578947368421	0.02631578947368421	0.02631578947368421
R	0.02631578947368421	-0.5	0.02631578947368421	0.02631578947368421	0.02631578947368421	0.02631578947368421	0.02631578947368421	0.02631578947368421	0.02631578947368421	0.02631578947368421	0.02631578947368421	0.02631578947368421	0.02631578947368421	0.02631578947368421	0.02631578947368421	0.02631578947368421	0.02631578947368421	0.02631578947368421	0.02631578947368421	0.02631578947368421
N	0.02631578947368421	0.02631578947368421	-0.5	0.02631578947368421	0.02631578947368421	0.02631578947368421	0.02631578947368421	0.02631578947368421	0.02631578947368421	0.02631578947368421	0.02631578947368421	0.02631578947368421	0.02631578947368421	0.02631578947368421	0.02631578947368421	0.02631578947368421	0.02631578947368421	0.02631578947368421	0.02631578947368421	0.02631578947368421
D	0.02631578947368421	0.02631578947368421	0.02631578947368421	-0.5	0.02631578947368421	0.02631578947368421	0.02631578947368421	0.02631578947368421	0.02631578947368421	0.02631578947368421	0.02631578947368421	0.02631578947368421	0.02631578947368421	0.02631578947368421	0.02631578947368421	0.02631578947368421	0.02631578947368421	0.02631578947368421	0.02631578947368421	0.02631578947368421
C	0.02631578947368421	0.02631578947368421	0.02631578947368421	0.02631578947368421	-0.5	0.02631578947368421	0.02631578947368421	0.02631578947368421	0.02631578947368421	0.02631578947368421	0.02631578947368421	0.02631578947368421	0.02631578947368421	0.02631578947368421	0.02631578947368421	0.02631578947368421	0.02631578947368421	0.02631578947368421	0.02631578947368421	0.02631578947368421
Q	0.02631578947368421	0.02631578947368421	0.02631578947368421	0.02631578947368421	0.02631578947368421	-0.5	0.02631578947368421	0.02631578947368421	0.02631578947368421	0.02631578947368421	0.02631578947368421	0.02631578947368421	0.02631578947368421	0.02631578947368421	0.02631578947368421	0.02631578947368421	0.02631578947368421	0.02631578947368421	0.02631578947368421	0.02631578947368421
E	0.02631578947368421	0.02631578947368421	0.02631578947368421	0.02631578947368421	0.02631578947368421	0.02631578947368421	-0.5	0.02631578947368421	0.02631578947368421	0.02631578947368421	0.02631578947368421	0.02631578947368421	0.02631578947368421	0.02631578947368421	0.02631578947368421	0.02631578947368421	0.02631578947368421	0.02631578947368421	0.02631578947368421	0.02631578947368421
G	0.02631578947368421	0.02631578947368421	0.02631578947368421	0.02631578947368421	0.02631578947368421	0.02631578947368421	0.02631578947368421	-0.5	0.02631578947368421	0.02631578947368421	0.02631578947368421	0.02631578947368421	0.02631578947368421	0.02631578947368421	0.02631578947368421	0.02631578947368421	0.02631578947368421	0.02631578947368421	0.02631578947368421	0.02631578947368421
H	0.02631578947368421	0.02631578947368421	0.02631578947368421	0.02631578947368421	0.02631578947368421	0.02631578947368421	0.02631578947368421	0.02631578947368421	-0.5	0.02631578947368421	0.02631578947368421	0.02631578947368421	0.02631578947368421	0.02631578947368421	0.02631578947368421	0.02631578947368421	0.02631578947368421	0.02631578947368421	0.02631578947368421	0.02631578947368421
I	0.02631578947368421	0.02631578947368421	0.02631578947368421	0.02631578947368421	0.02631578947368421	0.02631578947368421	0.02631578947368421	0.02631578947368421	0.02631578947368421	-0.5	0.02631578947368421	0.02631578947368421	0.02631578947368421	0.02631578947368421	0.02631578947368421	0.02631578947368421	0.02631578947368421	0.02631578947368421	0.02631578947368421	0.02631578947368421
L	0.02631578947368421	0.02631578947368421	0.02631578947368421	0.02631578947368421	0.02631578947368421	0.02631578947368421	0.02631578947368421	0.02631578947368421	0.02631578947368421	0.02631578947368421	-0.5	0.02631578947368421	0.02631578947368421	0.02631578947368421	0.02631578947368421	0.02631578947368421	0.02631578947368421	0.02631578947368421	0.02631578947368421	0.02631578947368421
K	0.02631578947368421	0.02631578947368421	0.02631578947368421	0.02631578947368421	0.02631578947368421	0.02631578947368421	0.02631578947368421	0.02631578947368421	0.02631578947368421	0.02631578947368421	0.02631578947368421	-0.5	0.02631578947368421	0.02631578947368421	0.02631578947368421	0.02631578947368421	0.02631578947368421	0.02631578947368421	0.02631578947368421	0.02631578947368421
M	0.02631578947368421	0.02631578947368421	0.02631578947368421	0.02631578947368421	0.02631578947368421	0.02631578947368421	0.02631578947368421	0.02631578947368421	0.02631578947368421	0.02631578947368421	0.02631578947368421	0.02631578947368421	-0.5	0.02631578947368421	0.02631578947368421	0.02631578947368421	0.02631578947368421	0.02631578947368421	0.02631578947368421	0.02631578947368421
F	0.02631578947368421	0.02631578947368421	0.02631578947368421	0.02631578947368421	0.02631578947368421	0.02631578947368421	0.02631578947368421	0.02631578947368421	0.02631578947368421	0.02631578947368421	0.02631578947368421	0.02631578947368421	0.02631578947368421	-0.5	0.02631578947368421	0.02631578947368421	0.02631578947368421	0.02631578947368421	0.02631578947368421	0.02631578947368421
P	0.02631578947368421	0.02631578947368421	0.02631578947368421	0.02631578947368421	0.02631578947368421	0.02631578947368421	0.02631578947368421	0.02631578947368421	0.02631578947368421	0.02631578947368421	0.02631578947368421	0.02631578947368421	0.02631578947368421	0.02631578947368421	-0.5	0.02631578947368421	0.02631578947368421	0.02631578947368421	0.02631578947368421	0.02631578947368421
S	0.02631578947368421	0.02631578947368421	0.02631578947368421	0.02631578947368421	0.02631578947368421	0.02631578947368421	0.02631578947368421	0.02631578947368421	0.02631578947368421	0.02631578947368421	0.02631578947368421	0.02631578947368421	0.02631578947368421	0.02631578947368421	0.02631578947368421	-0.5	0.02631578947368421	0.02631578947368421	0.02631578947368421	0.02631578947368421
T	0.02631578947368421	0.02631578947368421	0.02631578947368421	0.02631578947368421	0.02631578947368421	0.02631578947368421	0.02631578947368421	0.02631578947368421	0.02631578947368421	0.02631578947368421	0.02631578947368421	0.02631578947368421	0.02631578947368421	0.02631578947368421	0.02631578947368421	0.02631578947368421	-0.5	0.02631578947368421	0.02631578947368421	0.02631578947368421
W	0.02631578947368421	0.02631578947368421	0.02631578947368421	0.02631578947368421	0.02631578947368421	0.02631578947368421	0.02631578947368421	0.02631578947368421	0.02631578947368421	0.02631578947368421	0.02631578947368421	0.02631578947368421	0.02631578947368421	0.02631578947368421	0.02631578947368421	0.02631578947368421	0.02631578947368421	-0.5	0.02631578947368421	0.02631578947368421
Y	0.02631578947368421	0.02631578947368421	0.02631578947368421	0.02631578947368421	0.02631578947368421	0.02631578947368421	0.02631578947368421	0.02631578947368421	0.02631578947368421	0.02631578947368421	0.02631578947368421	0.02631578947368421	0.02631578947368421	0.02631578947368421	0.02631578947368421	0.02631578947368421	0.02631578947368421	0.02631578947368421	-0.5	0.02631578947368421
V	0.02631578947368421	0.02631578947368421	0.02631578947368421	0.02631578947368421	0.02631578947368421	0.02631578947368421	0.02631578947368421	0.02631578947368421	0.02631578947368421	0.02631578947368421	0.02631578947368421	0.02631578947368421	0.02631578947368421	0.02631578947368421	0.02631578947368421	0.02631578947368421	0.02631578947368421	0.02631578947368421	0.02631578947368421	-0.5
